5 39 3 1
5 72 0 0
5 68 4 1
6 20 3 2
7 52 0 2
9 50 4 2
11 50 3 2
14 87 4 2
17 28 1 2
19 84 2 1
22 50 4 2
24 82 0 0
25 77 1 2
27 62 0 2
31 19 2 2
34 26 2 0
38 33 3 1
41 23 1 0
42 30 3 2
46 86 0 1
49 78 2 1
51 86 1 0
51 27 4 2
54 15 4 2
57 48 1 0
58 19 2 0
62 26 0 0
66 19 4 1
68 54 0 2
70 59 3 1
74 52 2 1
76 67 1 2
76 71 1 1
79 74 4 0
81 34 2 0
83 53 0 0
85 68 0 0
85 89 1 2
85 64 1 0
87 44 1 0
87 88 1 1
88 20 2 1
88 67 2 1
88 59 0 1
88 52 2 2
89 82 2 0
89 48 4 0
90 79 3 0
90 61 4 1
91 83 1 1
93 66 3 2
95 81 0 1
97 87 4 1
99 52 4 1
99 41 3 2
99 77 4 0
101 41 3 0
103 28 4 2
105 59 2 2
105 60 3 2
107 49 1 2
109 52 1 2
109 20 0 1
109 67 1 1
110 80 2 0
111 54 2 2
115 46 3 1
119 60 4 1
123 22 3 0
127 75 2 2
128 26 3 1
128 39 1 0
129 82 3 1
130 61 2 0
133 23 4 1
137 24 0 0
139 85 3 2
140 57 4 0
143 52 3 1
144 23 4 0
144 29 3 2
145 15 1 2
149 57 0 0
152 48 0 1
155 58 1 0
155 72 3 2
159 16 3 1
160 38 1 0
164 57 0 2
167 88 4 0
169 85 0 1
172 38 4 2
175 69 3 0
178 52 4 0
181 17 0 1
183 72 3 0
184 50 1 1
184 79 4 2
184 88 0 0
186 87 0 1
