1 72 1 2
1 18 3 1
2 60 2 0
3 54 1 0
3 22 4 2
7 81 0 0
9 40 1 0
9 38 2 2
11 56 4 2
12 46 4 2
14 56 3 0
16 67 4 2
16 77 1 0
16 81 2 0
19 75 3 2
19 68 4 0
20 58 2 1
24 18 1 0
26 19 4 1
30 88 1 2
32 75 2 1
33 31 0 0
36 29 0 0
40 65 0 2
43 61 4 1
47 55 1 2
48 34 2 2
52 44 1 1
56 51 2 0
60 66 3 1
62 87 3 0
64 50 2 1
65 77 3 0
69 24 3 0
73 74 3 2
76 79 4 2
78 24 1 2
81 51 0 1
84 32 2 0
88 89 3 0
92 76 3 1
92 67 4 1
96 74 4 1
99 72 2 0
102 48 1 1
103 67 2 0
104 73 0 0
108 56 3 1
110 51 4 0
114 80 0 1
118 41 4 0
118 85 3 2
118 77 2 2
122 39 2 1
126 65 3 2
127 68 3 2
131 51 0 2
132 36 3 2
136 87 1 1
140 71 0 2
143 41 4 0
145 53 3 1
148 25 0 1
148 16 2 2
150 85 0 1
153 17 2 0
157 63 0 0
161 85 4 2
164 66 3 1
168 71 0 0
171 65 4 2
172 77 3 0
172 47 3 0
176 64 0 2
180 18 0 1
180 18 4 0
180 79 1 2
182 35 1 0
183 78 2 1
184 85 1 2
188 84 4 1
191 54 3 1
194 72 3 1
195 20 3 2
196 88 4 1
197 33 2 1
198 81 4 1
201 69 2 1
204 54 4 0
207 48 3 2
207 54 1 0
208 78 3 2
210 53 3 0
211 16 4 0
213 58 0 2
213 36 0 0
215 71 3 2
219 77 4 2
223 75 0 2
227 19 3 1
231 49 0 0
233 15 4 1
233 31 2 2
237 76 2 0
239 86 3 1
243 28 3 2
247 62 0 2
251 76 3 2
251 26 3 1
254 81 0 2
256 18 3 1
260 73 3 2
261 37 2 2
262 20 0 1
265 61 2 0
269 15 1 1
272 21 1 1
274 46 1 1
278 86 0 2
279 22 0 2
281 64 3 2
282 28 4 1
283 55 2 2
285 41 0 1
287 60 2 0
288 61 2 1
288 87 3 0
290 87 4 2
291 41 4 0
292 79 4 2
293 49 3 0
293 19 0 2
297 53 2 0
301 86 4 0
305 43 3 1
305 43 3 0
309 18 0 1
313 84 0 0
313 15 1 2
315 70 1 2
318 84 4 2
318 15 4 2
319 61 1 1
323 73 1 2
324 25 2 2
328 43 4 0
328 47 2 1
332 82 4 2
333 47 2 1
335 67 3 1
338 18 4 2
341 44 2 0
345 72 0 0
347 82 2 0
348 51 1 2
348 43 2 0
348 83 4 0
348 49 3 1
352 72 3 0
355 15 4 1
359 56 1 0
362 22 2 0
362 15 1 1
365 22 0 1
366 31 1 2
368 84 4 2
371 77 1 0
371 44 4 2
372 36 1 0
372 78 1 0
373 65 3 2
373 39 0 2
374 35 0 2
374 68 2 1
376 53 1 2
378 78 4 1
379 45 2 1
380 32 1 2
381 40 0 2
383 80 2 2
385 61 0 1
385 41 1 0
387 85 0 0
388 47 4 2
390 64 3 2
391 25 4 1
393 40 0 2
394 89 1 0
395 32 2 2
395 81 2 2
396 80 1 1
396 40 2 1
398 72 1 0
400 56 4 1
402 31 1 1
402 62 3 0
404 47 2 2
404 44 4 2
404 63 2 1
405 20 4 2
405 22 3 2
406 61 4 2
408 49 0 2
409 68 4 1
411 49 4 0
411 54 0 0
411 56 2 1
413 86 0 0
414 69 0 0
416 30 0 1
418 52 4 0
418 32 4 2
418 15 4 0
418 37 3 2
419 51 0 1
419 20 4 2
419 46 4 2
421 16 0 2
423 66 0 0
425 62 4 0
427 42 1 1
429 78 3 1
430 23 3 0
432 29 1 1
433 16 1 0
435 37 0 0
437 72 1 1
438 71 4 2
439 43 2 1
441 74 2 0
441 57 4 2
441 27 1 0
441 42 3 1
443 40 2 2
445 73 1 2
446 80 1 2
448 81 4 0
448 63 2 0
449 86 3 0
450 60 2 0
452 55 1 1
452 48 1 1
452 18 1 0
453 33 2 1
453 44 3 2
454 60 4 0
454 36 4 0
456 55 4 0
458 71 2 0
458 68 0 0
458 84 1 2
458 25 3 0
460 24 2 0
460 66 4 0
461 41 4 0
461 79 4 2
461 50 4 0
463 87 4 0
464 63 2 2
466 21 2 1
467 86 3 2
469 40 2 0
469 43 4 2
469 71 0 2
469 82 4 0
470 46 0 2
472 81 3 1
473 42 1 2
473 64 2 1
473 76 4 2
474 28 0 0
475 32 4 2
476 22 1 1
476 26 3 2
478 72 3 2
479 56 1 1
481 50 4 1
482 21 0 1
484 65 3 1
486 20 1 0
486 50 4 2
487 37 0 1
489 85 3 2
491 39 2 0
491 32 1 0
491 17 2 0
492 46 2 1
492 42 0 0
494 29 0 0
495 50 4 2
496 80 2 2
496 36 4 2
498 72 4 0
498 84 4 1
500 45 4 1
500 58 4 2
501 63 2 1
501 81 2 1
503 48 4 0
504 83 0 1
506 59 2 2
508 16 1 1
509 32 4 0
511 63 2 2
512 82 2 0
514 79 4 0
516 78 1 0
516 39 1 0
518 29 3 1
518 17 3 0
518 25 0 2
520 42 3 2
522 69 1 2
524 57 0 1
525 36 1 0
525 69 0 0
525 18 2 0
525 42 4 0
526 15 4 0
526 39 3 2
527 64 1 1
528 49 4 1
529 64 2 0
531 85 2 0
532 84 1 1
534 41 3 0
534 19 0 0
536 86 0 0
537 77 3 2
538 51 3 1
540 46 4 2
540 41 2 2
540 52 1 2
541 39 4 1
544 65 3 1
545 22 3 2
546 49 4 2
549 63 0 2
550 23 0 2
551 68 4 0
554 66 4 0
554 59 4 1
558 47 0 0
560 27 0 2
562 59 0 1
564 76 1 2
564 52 3 0
567 15 1 1
570 42 3 0
571 67 1 0
573 89 4 1
574 34 0 0
574 23 2 2
574 57 2 1
578 61 4 1
581 85 1 0
583 24 0 2
587 54 1 0
587 62 4 1
590 43 0 1
592 64 4 0
593 45 2 0
594 68 2 0
597 51 2 2
598 50 0 1
600 46 4 1
600 35 0 0
600 80 2 0
601 20 4 0
601 39 1 1
601 22 3 0
605 84 0 2
606 36 0 2
610 82 0 2
614 68 4 1
614 86 1 0
615 42 1 1
619 21 4 1
622 80 2 2
623 82 4 1
626 66 3 1
629 75 2 0
629 32 1 0
632 70 1 1
634 87 1 1
637 46 1 0
638 52 4 0
642 40 0 2
644 25 2 1
646 85 0 2
648 48 3 2
651 42 0 0
652 66 1 1
654 71 0 2
657 41 3 0
658 84 0 2
660 48 4 0
660 54 2 0
662 62 0 2
664 82 0 1
667 56 2 0
670 77 3 2
670 63 1 0
674 51 1 1
675 19 1 2
678 69 0 0
682 81 3 0
682 49 0 0
685 15 3 1
689 54 4 2
693 55 4 0
694 37 3 1
697 85 1 1
697 62 1 0
701 82 1 1
704 67 1 2
704 54 4 2
705 23 0 0
705 87 3 1
706 34 4 1
710 45 1 1
712 77 3 0
716 76 2 1
717 19 1 1
717 42 1 1
719 56 2 0
722 70 1 0
726 61 1 1
727 47 1 2
731 45 3 2
734 61 4 0
736 41 3 1
739 88 3 2
743 65 0 0
744 15 2 0
746 17 0 1
750 46 1 0
753 73 3 0
754 31 4 0
756 65 1 2
759 25 0 2
760 38 4 0
764 51 1 1
767 67 0 0
767 20 3 0
767 79 1 2
768 18 3 0
772 56 4 1
774 27 3 0
775 54 0 0
776 25 1 0
778 46 4 0
779 64 1 2
783 71 0 1
787 22 0 1
791 57 3 0
795 81 2 2
798 42 4 2
800 77 2 2
801 84 2 2
801 66 4 2
805 28 0 0
807 17 1 1
808 73 2 1
809 82 4 0
813 89 4 2
817 38 0 1
821 31 4 2
825 47 3 0
825 72 3 0
826 77 4 0
828 33 0 0
830 49 4 1
830 49 4 1
834 23 3 0
835 46 1 2
838 86 1 0
838 40 4 1
842 37 3 0
844 82 0 2
845 66 2 2
847 51 2 0
848 65 2 2
849 62 1 0
852 62 1 0
854 80 4 2
857 15 2 0
860 33 1 1
861 45 4 0
864 37 4 2
866 23 0 1
867 49 1 2
870 76 1 2
871 64 1 0
873 16 2 1
873 30 3 2
874 42 1 0
875 50 3 0
876 89 2 1
876 21 4 1
