4 59 4 0
8 20 4 1
8 49 1 0
9 20 2 0
10 21 1 0
13 20 1 2
17 19 0 2
19 20 0 2
23 41 0 1
27 80 4 0
31 41 2 1
34 41 4 0
36 33 2 0
37 77 0 2
40 73 0 1
40 70 0 1
43 68 4 2
46 52 4 2
49 52 1 2
52 58 3 0
53 55 4 0
53 69 3 0
57 34 0 2
58 85 0 2
62 37 4 1
63 70 4 1
67 72 3 1
67 46 4 2
70 48 3 2
72 47 2 1
74 82 3 2
76 46 1 1
76 37 2 2
78 39 4 2
81 81 1 2
85 80 3 0
85 47 3 0
85 22 4 2
86 68 4 0
90 57 4 1
94 75 3 2
95 17 2 2
95 41 0 2
98 27 4 1
102 65 1 2
105 16 1 0
109 47 0 2
113 43 3 2
113 80 4 2
117 41 1 0
121 51 3 0
124 23 4 2
128 68 4 0
132 28 0 0
134 21 1 0
135 23 1 0
135 85 4 1
136 73 0 2
137 39 1 2
137 59 4 1
139 89 3 2
143 35 2 0
146 82 1 0
147 35 1 0
147 67 3 0
150 51 4 1
152 31 2 1
154 39 0 0
154 23 1 2
155 19 1 2
156 79 4 2
157 38 3 2
159 66 0 0
161 23 4 0
162 23 4 1
164 32 4 1
167 31 4 2
167 21 4 2
167 40 1 1
167 61 3 2
169 69 1 0
171 37 4 1
171 75 4 2
173 21 0 0
175 16 0 0
177 54 2 0
178 26 4 2
178 38 2 0
180 84 4 0
182 47 4 0
184 50 1 2
187 29 1 0
189 60 4 2
190 44 0 2
192 80 2 2
195 65 0 0
196 21 0 0
196 27 2 1
196 21 3 1
198 74 0 1
200 16 3 2
200 35 0 2
200 16 1 2
201 29 0 1
203 65 2 2
206 22 0 2
206 65 0 0
207 87 3 1
210 63 1 1
210 54 3 1
211 48 4 1
211 42 2 2
214 27 3 0
215 48 2 0
215 81 2 1
215 26 4 0
216 19 4 0
220 68 2 2
223 43 3 2
223 18 0 1
225 40 3 0
225 51 1 0
225 46 2 0
229 25 3 1
229 23 1 2
230 26 0 0
234 48 1 1
235 45 3 2
237 27 3 0
238 36 3 2
238 47 1 0
242 32 1 0
244 68 4 2
245 39 0 1
248 48 4 0
252 26 1 1
252 86 1 2
254 20 4 1
258 80 4 0
262 27 1 0
265 85 1 0
269 35 2 2
273 38 0 2
274 16 1 0
276 25 1 0
276 64 0 1
277 59 0 2
280 26 3 0
283 58 3 1
287 24 3 0
291 48 0 1
292 73 3 2
295 38 1 1
298 60 4 1
302 49 4 1
304 23 1 0
305 35 0 1
306 35 0 0
310 40 0 0
311 35 4 0
315 20 4 1
315 48 1 1
319 17 2 2
319 60 2 1
321 51 3 1
322 80 2 1
324 67 3 0
327 46 4 1
328 42 1 2
329 63 2 1
332 34 0 2
334 64 4 0
334 74 4 2
335 67 3 2
335 51 0 1
337 74 3 1
338 54 4 1
342 60 2 0
344 48 1 0
347 79 0 2
350 22 1 0
352 88 2 2
356 36 2 1
358 65 0 2
359 41 0 2
362 69 0 2
366 75 2 1
370 64 0 0
373 76 0 0
377 38 4 0
378 80 3 2
378 47 1 1
378 61 4 1
378 54 1 0
382 18 3 1
386 26 4 1
388 42 4 0
388 66 4 0
392 45 4 1
394 18 3 2
398 72 1 2
401 48 2 1
404 24 4 0
404 63 4 2
404 86 2 2
408 50 3 1
408 46 0 2
412 88 4 2
414 77 2 0
416 20 1 2
420 18 1 0
421 81 3 0
425 26 4 2
429 49 1 2
429 52 2 0
431 66 1 2
434 63 3 1
438 49 0 0
438 46 1 0
438 55 4 2
441 68 2 1
443 53 0 0
445 57 2 0
449 60 4 0
452 84 4 2
452 63 0 0
454 69 2 0
455 24 4 0
459 42 3 0
461 15 4 2
463 80 3 2
465 42 1 1
468 60 3 0
469 46 3 1
469 80 3 0
473 25 0 2
475 77 4 1
479 67 1 1
483 54 2 1
486 35 3 1
488 89 3 1
489 15 3 2
489 20 1 2
490 77 0 2
494 39 0 0
497 28 3 0
501 85 0 1
501 39 0 2
504 82 1 2
506 36 2 2
507 44 4 2
508 71 2 2
511 77 1 2
513 20 3 2
514 85 3 0
518 42 3 2
522 71 2 2
524 41 0 1
524 85 1 1
527 67 1 0
531 62 3 1
534 51 1 0
536 25 1 1
538 22 1 2
541 63 2 0
542 32 2 0
546 64 2 2
549 36 4 0
549 46 0 0
551 56 1 1
552 48 0 0
552 41 0 2
553 61 3 0
556 63 4 1
556 34 3 1
558 67 3 0
558 27 3 0
558 35 1 1
558 76 2 0
558 64 3 1
558 68 3 1
561 75 3 1
561 75 4 2
561 74 0 2
564 43 4 0
564 54 0 2
564 28 2 0
566 71 2 2
570 49 2 1
570 44 2 0
571 69 1 1
571 56 3 2
575 81 4 2
575 24 1 0
577 18 4 0
578 51 2 1
579 23 3 1
583 19 2 1
586 63 0 1
590 40 0 0
591 75 2 1
595 70 1 2
595 45 1 1
597 33 0 2
600 22 4 0
601 20 2 1
604 33 0 1
607 53 1 1
611 27 3 2
615 80 2 0
618 29 2 0
621 66 3 1
624 32 1 2
626 75 2 1
629 85 3 1
629 45 4 2
633 60 0 0
635 34 0 2
638 45 3 1
641 51 3 0
644 57 0 2
646 52 2 2
650 67 4 1
654 81 0 1
657 53 1 0
659 87 0 1
661 58 2 2
662 56 0 2
665 39 2 0
668 57 2 2
670 70 1 0
673 89 2 1
675 50 4 1
677 45 2 2
678 86 0 1
680 74 4 1
682 19 1 0
682 74 1 0
683 76 4 0
684 31 3 1
685 33 1 2
686 47 4 0
687 16 2 2
687 63 3 0
687 21 4 1
687 49 3 1
688 46 4 1
689 16 3 2
691 19 0 1
691 31 1 2
692 43 0 0
694 18 4 2
695 34 3 1
695 32 2 0
695 26 0 1
696 87 0 2
696 60 0 2
696 70 1 1
698 34 2 0
698 84 1 2
700 51 0 0
702 18 4 2
702 27 0 0
703 75 0 0
705 41 2 0
706 82 1 2
706 18 3 1
707 42 4 2
709 57 1 2
709 25 4 1
711 24 2 1
711 79 2 1
712 80 0 2
713 76 2 1
715 65 0 2
715 53 0 0
717 32 2 2
718 61 0 2
719 28 0 2
721 87 0 2
721 71 3 1
722 56 1 0
723 24 3 2
725 24 2 2
727 77 2 2
728 38 4 2
728 20 0 2
728 86 4 2
730 25 3 2
730 30 0 0
730 53 3 0
731 78 1 2
732 74 2 2
733 38 0 2
735 35 0 2
737 15 2 2
738 65 3 2
739 74 4 2
739 18 0 0
741 35 2 2
743 29 3 0
745 29 3 0
747 88 1 2
748 76 3 0
750 66 2 1
750 47 2 2
750 36 1 2
751 83 0 2
752 29 2 2
752 41 4 0
752 86 2 0
754 69 1 1
755 46 2 0
755 26 0 0
756 39 4 0
756 27 1 2
756 85 3 0
758 82 3 1
759 70 0 2
759 45 4 0
760 78 1 1
761 18 2 1
762 53 3 1
764 60 2 0
764 67 2 0
766 32 0 1
767 55 1 2
767 81 1 1
768 66 3 2
768 34 0 1
768 26 2 0
769 77 4 0
769 39 1 1
769 78 3 0
771 27 4 1
771 29 2 2
772 20 2 2
772 31 1 2
773 60 0 0
775 43 4 2
776 30 3 2
778 75 2 0
778 64 3 2
780 46 4 2
781 25 3 2
781 58 0 0
783 76 3 0
785 37 3 0
787 24 0 1
787 26 4 0
788 15 4 1
790 27 1 1
792 88 3 0
792 46 3 0
794 55 3 2
796 69 4 1
797 60 0 1
797 24 0 2
797 18 3 0
798 29 1 1
798 66 1 1
799 26 0 1
801 61 3 1
803 77 2 2
804 37 4 0
806 50 2 1
808 80 2 1
810 17 3 2
810 37 3 2
812 81 0 1
813 65 4 0
813 21 2 1
815 76 3 1
817 27 2 1
819 87 0 0
820 36 2 2
822 22 1 0
824 77 3 2
826 22 0 2
828 52 0 2
828 70 4 0
829 59 1 2
829 51 4 0
830 26 4 2
832 64 2 0
832 51 1 0
833 30 3 1
835 30 0 2
836 80 2 0
836 87 4 1
837 31 4 2
839 68 3 1
840 56 1 1
842 25 3 0
844 68 0 0
844 54 1 2
844 61 3 2
845 83 4 1
845 16 1 0
846 68 1 2
847 61 2 2
847 64 0 1
848 70 4 2
849 20 1 1
849 65 1 0
850 63 4 0
851 43 1 1
851 34 3 1
851 37 3 2
851 39 2 1
852 42 4 0
854 86 0 0
855 40 1 1
857 76 0 0
857 34 0 2
859 43 1 2
859 70 1 0
861 79 0 0
861 73 3 1
861 80 3 2
863 15 3 0
864 30 0 0
866 69 2 2
868 73 2 0
868 80 1 2
869 83 0 0
870 35 2 2
872 85 0 1
874 20 0 0
874 84 1 1
875 60 0 1
877 61 2 2
877 28 3 0
878 19 1 1
879 39 3 2
881 21 3 2
881 60 3 1
882 86 2 0
883 29 1 2
883 43 4 0
884 36 2 2
886 31 3 2
888 25 4 1
890 28 4 2
891 81 4 1
891 88 0 0
891 39 4 1
891 28 4 1
893 61 4 1
893 57 1 2
895 76 0 0
895 47 4 2
895 75 2 2
897 21 4 1
899 29 3 2
900 16 1 1
900 32 2 0
901 39 3 0
903 31 2 1
904 69 3 2
905 77 1 2
905 87 3 1
906 43 3 2
908 49 0 0
909 31 4 1
911 53 4 1
912 18 2 2
913 59 3 1
915 72 4 1
915 49 3 0
917 70 3 2
919 38 3 2
921 81 3 1
922 84 3 1
923 72 3 0
924 49 2 0
925 33 3 1
926 45 1 2
927 22 1 0
928 47 0 0
929 19 3 2
930 64 2 1
932 59 2 0
932 61 2 2
934 37 0 0
935 53 2 2
936 35 4 2
936 26 1 1
937 79 3 0
939 77 3 1
940 40 2 0
941 30 0 0
942 46 0 0
943 89 2 0
943 35 4 0
945 44 1 2
946 66 0 2
946 51 4 1
946 62 3 0
948 37 4 2
948 83 1 1
948 86 4 2
950 36 2 2
950 50 1 0
950 62 3 1
950 83 4 0
951 55 2 1
951 35 4 1
953 60 0 0
955 59 1 1
957 46 3 1
957 31 1 0
958 16 3 2
958 54 1 0
958 57 3 0
958 58 4 0
959 33 1 0
959 88 4 1
959 71 3 1
961 82 2 0
961 57 4 1
962 15 2 0
963 57 3 1
964 76 1 0
966 69 0 2
966 67 2 1
968 66 3 2
969 57 3 1
970 18 0 2
971 71 4 2
973 70 1 0
975 84 2 0
977 36 1 0
977 84 4 0
977 45 1 2
978 24 1 2
979 26 4 0
981 61 0 2
983 17 0 2
984 60 0 1
985 27 4 0
985 66 3 1
986 52 1 2
986 68 3 1
987 16 3 2
987 70 1 1
989 51 4 0
990 80 2 1
992 34 0 2
994 74 0 0
994 77 0 1
995 74 1 0
995 86 2 2
996 87 3 0
998 51 4 1
998 50 3 0
999 37 3 1
999 49 4 1
1001 15 4 0
1003 78 1 1
1003 78 1 2
1003 38 1 1
1003 71 0 1
1003 56 0 2
1003 58 1 0
1004 32 4 0
1006 70 1 0
1006 56 1 1
1010 23 2 2
1011 21 0 1
1014 23 2 2
1014 25 3 2
1014 80 0 2
1016 53 1 2
1016 75 0 2
1019 17 0 2
1019 62 3 2
1023 57 2 0
1024 42 3 1
1028 52 0 0
1031 20 2 2
1034 89 3 2
1035 83 4 2
1035 41 2 1
1039 43 0 1
1040 56 4 0
1044 65 3 1
1046 37 2 0
1049 78 3 0
1053 36 0 0
1057 57 2 1
1058 81 2 2
1062 37 2 1
1066 41 0 2
1069 87 0 2
1069 66 3 2
1070 30 0 1
1071 25 2 1
1071 86 3 2
1075 74 1 1
1076 21 2 2
1080 66 2 2
1083 20 0 1
1086 52 4 1
1088 84 0 2
1089 24 3 0
1091 47 2 0
1094 85 2 2
1095 55 2 1
1096 76 2 1
1097 42 4 1
1098 75 4 1
1099 19 2 0
1099 42 2 2
1101 86 0 1
1103 21 0 2
1107 76 2 0
1109 74 0 2
1110 64 3 1
1111 81 2 1
1111 73 0 1
1114 24 0 0
1115 71 0 2
1119 84 0 0
1119 45 2 1
1121 34 3 1
1124 50 1 0
1125 74 3 0
1125 47 3 2
1126 59 4 1
1126 34 2 2
1129 87 3 1
1133 80 1 0
1133 83 0 1
1136 77 1 1
1138 52 4 0
1139 56 0 1
1140 54 3 2
1143 81 4 1
1146 78 4 1
1149 32 0 0
1149 62 1 0
1153 50 3 0
1157 46 1 0
1161 71 0 2
1163 17 1 2
1166 69 3 1
1168 41 3 0
1171 88 1 2
1171 51 1 0
1172 40 3 2
1175 36 3 0
1178 24 0 2
1179 59 0 0
1180 55 0 2
1182 33 2 0
1183 49 3 2
1183 59 4 2
1183 52 0 1
1186 28 3 1
1190 74 0 1
1193 41 1 1
1197 46 3 0
1198 37 3 1
1199 61 2 1
1201 18 4 0
1203 80 1 0
1203 50 4 1
1207 24 0 1
1208 72 2 1
1208 50 3 1
1211 35 4 1
1214 87 3 1
1214 29 3 2
1215 66 1 2
1217 79 3 0
1221 72 2 0
1222 57 3 0
1224 79 0 0
1228 80 0 2
1230 85 4 2
1230 64 1 0
1233 45 0 2
1233 87 4 2
1237 49 2 1
1240 17 0 0
1241 22 2 0
1245 35 1 1
1245 19 2 1
1249 27 2 1
1251 66 2 1
1254 64 0 1
1257 81 1 1
1260 23 4 1
1262 52 3 1
1266 36 4 1
1267 23 2 2
1267 15 3 1
1270 80 1 0
1271 26 2 1
1273 51 1 0
1274 74 0 2
1277 84 2 2
1280 54 1 2
1284 28 0 2
1284 84 3 1
1285 52 4 2
1288 70 3 1
1291 87 1 1
1292 48 0 2
1292 56 3 1
1294 40 1 0
1297 39 3 0
1297 76 3 1
1298 58 1 1
1298 84 3 0
1299 47 4 2
1300 32 3 2
1303 38 0 2
1306 84 2 2
1309 15 3 2
1312 56 1 1
1313 50 1 1
1314 37 4 0
1316 30 3 0
1318 47 0 0
1318 86 1 2
1318 70 3 0
1320 27 3 1
1323 86 1 1
1326 47 2 2
1328 48 4 2
1328 32 2 1
1330 52 2 1
1333 21 0 1
1337 23 1 2
1340 73 3 2
1341 26 1 0
1344 39 2 2
1344 65 0 0
1348 22 1 1
1349 32 1 2
1350 61 0 1
1350 31 0 0
1351 73 2 1
1355 43 4 0
1355 47 0 1
1359 25 4 2
1359 33 1 1
1362 21 4 1
1365 71 0 1
1365 59 1 1
1369 15 3 1
1370 50 1 2
1374 49 1 2
1378 16 1 2
1380 52 0 1
1381 50 1 1
1384 24 3 2
1387 70 3 1
1387 21 1 0
1390 38 4 1
1392 63 4 0
1394 72 4 2
1394 22 1 1
1396 27 3 0
1397 47 4 2
1399 43 2 1
1403 83 4 1
1404 68 1 0
1408 54 1 1
1410 67 4 1
1412 81 1 1
1415 46 4 0
1418 66 2 0
1419 50 3 2
1419 15 3 1
1420 31 0 1
1423 21 2 1
1424 38 3 0
1428 80 4 0
1429 41 1 1
1431 62 3 2
1435 74 4 0
1437 66 3 0
1441 29 2 2
1444 63 4 2
1447 54 4 0
1451 55 0 0
1452 43 0 1
1454 43 2 0
1457 49 0 2
1457 81 0 2
1458 17 4 1
1458 61 0 0
1458 39 2 0
1462 87 1 1
1464 73 4 2
1465 47 4 1
1467 35 4 0
1468 63 4 1
1468 61 2 2
1472 80 1 2
1473 56 1 1
1473 58 2 2
1474 32 2 1
1476 80 1 0
1476 82 4 2
1477 77 3 0
1477 36 4 2
1478 65 0 0
1480 74 2 1
1482 42 3 2
1483 16 3 1
1484 23 4 0
1487 64 4 0
1488 15 1 1
1489 75 0 0
1492 27 0 2
1493 18 0 0
1495 29 3 0
1495 15 4 0
1498 15 3 0
1499 60 2 1
1499 39 4 1
1500 29 4 1
1502 36 0 2
1503 84 3 2
1503 23 3 1
1506 59 4 2
1508 44 3 2
1509 82 3 1
1512 15 4 1
1512 65 4 0
1513 75 4 1
1514 87 4 1
1517 63 3 0
1519 30 4 1
1523 62 2 2
1524 18 4 2
1527 82 3 0
1529 34 1 1
1531 49 0 2
1534 40 1 2
1534 75 2 0
1534 41 1 0
1537 89 1 0
1541 81 2 0
1544 56 2 2
1546 82 4 0
1547 24 2 2
1548 61 1 1
1552 82 4 0
1556 31 4 1
1558 41 1 1
1560 76 2 2
1564 74 2 2
1565 65 3 2
1566 40 2 0
1570 62 3 0
1570 56 4 2
1572 15 0 2
1574 31 1 1
1577 19 4 0
1580 23 0 0
1580 57 2 1
1584 50 0 0
1586 47 4 0
1589 15 2 0
1591 31 1 2
1593 73 2 1
1595 23 1 0
1598 15 3 1
1602 51 1 2
1605 16 2 1
1608 59 3 0
1609 57 0 1
1612 17 3 0
1612 79 4 2
1616 69 2 0
1616 83 1 2
1617 65 4 2
1618 46 1 0
1620 84 0 0
1623 26 4 1
1626 49 3 0
1626 39 4 0
1630 15 1 2
1631 56 2 0
1634 22 1 2
1637 36 2 1
1639 16 2 0
1643 59 3 1
1644 65 1 2
1644 68 4 2
1645 16 2 1
1647 44 0 1
1648 55 1 2
1649 55 0 1
1652 77 3 1
