1.39 0.60
10 3 0 4
10 3 0 4
3 3 0 1
5 3 0 2
4 3 0 1
3 2 5 1
1 2 0 0
2 2 0 0
1 3 0 0
10 5 0 4
6 3 0 2
10 3 0 4
7 3 0 2
2 3 0 0
1 4 0 0
2 4 2 0
10 3 0 4
10 2 0 4
4 2 0 1
8 3 0 3
10 3 0 4
9 4 0 3
1 2 0 0
2 4 0 0
10 3 0 4
10 4 1 4
8 4 0 3
10 2 0 4
9 2 0 3
5 3 0 2
8 4 0 3
3 3 0 1
6 2 0 2
10 2 0 4
4 4 0 1
9 5 0 3
8 3 0 3
10 2 0 4
10 4 1 4
10 3 0 4
9 3 0 3
7 2 0 2
1 2 0 0
10 3 0 4
3 3 0 1
4 3 0 1
2 2 0 0
8 2 0 3
10 4 0 4
3 3 0 1
9 3 0 3
10 2 0 4
10 4 0 4
1 3 0 0
4 3 0 1
3 3 0 1
10 5 0 4
2 3 0 0
4 2 7 1
10 3 0 4
8 4 0 3
5 3 0 2
3 5 0 1
4 3 7 1
9 4 0 3
10 3 0 4
6 3 0 2
1 3 0 0
3 2 2 1
4 2 9 1
10 3 0 4
8 2 0 3
2 4 0 0
10 3 0 4
10 3 1 4
10 3 1 4
10 2 0 4
10 2 2 4
3 3 0 1
9 2 0 3
4 4 5 1
10 3 0 4
10 3 2 4
1 3 0 0
2 3 0 0
7 3 0 2
10 2 0 4
5 3 0 2
10 5 0 4
10 3 0 4
3 2 0 1
4 3 0 1
10 2 0 4
1 2 0 0
6 4 0 2
2 4 0 0
1 3 0 0
7 3 0 2
8 3 0 3
2 4 2 0
9 2 0 3
2 2 5 0
3 2 0 1
1 3 0 0
5 3 0 2
2 2 4 0
1 4 0 0
8 5 0 3
4 3 0 1
9 3 0 3
10 3 0 4
6 2 0 2
8 3 0 3
5 3 0 2
7 5 0 2
10 3 0 4
10 3 1 4
6 3 0 2
9 2 0 3
1 3 0 0
8 3 0 3
3 3 0 1
7 3 0 2
9 3 1 3
4 2 0 1
2 3 0 0
3 3 1 1
8 2 0 3
9 3 0 3
8 2 4 3
4 3 1 1
3 3 3 1
10 3 0 4
1 3 0 0
10 3 0 4
3 3 3 1
4 4 0 1
10 3 0 4
10 5 0 4
4 3 0 1
3 5 0 1
5 2 0 2
2 2 0 0
4 3 0 1
3 3 0 1
1 3 0 0
2 2 1 0
9 3 0 3
8 3 0 3
9 3 0 3
1 3 0 0
8 3 0 3
4 3 0 1
10 3 0 4
10 3 0 4
3 3 0 1
2 3 0 0
1 3 0 0
2 3 0 0
10 3 0 4
10 3 0 4
4 3 0 1
7 2 0 2
6 3 0 2
9 3 0 3
5 5 0 2
8 4 0 3
10 3 0 4
3 2 0 1
6 3 0 2
1 2 0 0
10 3 0 4
10 3 2 4
9 3 0 3
2 3 0 0
8 4 0 3
10 3 0 4
7 3 0 2
4 3 0 1
1 3 0 0
3 3 0 1
5 4 0 2
6 3 0 2
2 3 0 0
1 2 0 0
2 3 1 0
7 4 0 2
1 3 0 0
2 4 0 0
10 3 0 4
9 4 0 3
4 3 0 1
10 3 1 4
3 3 0 1
8 3 0 3
10 3 0 4
10 3 2 4
10 4 0 4
10 3 0 4
9 2 0 3
4 3 0 1
5 3 0 2
10 3 0 4
10 2 2 4
6 4 0 2
8 3 0 3
1 2 0 0
10 4 0 4
7 4 0 2
3 2 0 1
4 3 0 1
9 5 0 3
10 2 0 4
3 2 0 1
5 3 0 2
4 3 0 1
8 3 0 3
2 3 0 0
3 3 1 1
10 2 0 4
6 4 0 2
1 3 0 0
7 3 0 2
10 3 0 4
10 4 0 4
2 3 0 0
5 4 0 2
10 3 0 4
9 3 0 3
10 2 0 4
8 4 0 3
4 3 0 1
9 3 0 3
9 3 6 3
8 5 1 3
1 2 0 0
10 4 0 4
3 4 0 1
6 3 0 2
8 3 0 3
9 5 0 3
8 2 4 3
4 2 0 1
2 3 0 0
1 3 0 0
9 3 0 3
2 5 0 0
1 2 0 0
3 4 0 1
7 2 0 2
10 2 0 4
5 3 0 2
4 3 0 1
8 2 0 3
9 5 0 3
8 2 2 3
6 3 0 2
2 3 0 0
3 5 0 1
4 4 0 1
9 3 0 3
3 3 0 1
4 3 1 1
3 2 6 1
7 3 0 2
5 3 0 2
6 2 0 2
10 3 0 4
1 3 0 0
4 3 0 1
2 3 0 0
1 2 2 0
8 3 0 3
10 3 0 4
9 3 0 3
8 4 2 3
9 3 12 3
3 3 0 1
7 4 0 2
8 3 16 3
9 4 5 3
8 4 6 3
10 3 0 4
2 3 0 0
10 3 0 4
1 2 0 0
5 3 0 2
6 3 0 2
7 3 0 2
5 3 2 2
4 4 0 1
9 2 6 3
10 4 0 4
3 3 0 1
10 3 0 4
6 3 0 2
8 3 2 3
7 3 0 2
2 3 0 0
1 3 0 0
5 4 0 2
4 3 0 1
3 3 0 1
2 2 0 0
10 3 0 4
6 3 0 2
1 3 0 0
4 3 0 1
9 2 0 3
7 5 0 2
5 3 0 2
8 4 0 3
3 2 0 1
6 4 0 2
9 5 0 3
10 2 0 4
2 3 0 0
1 2 0 0
8 3 0 3
9 3 0 3
2 2 0 0
7 2 0 2
10 4 0 4
1 5 0 0
4 3 0 1
2 5 0 0
5 2 0 2
1 2 0 0
6 3 0 2
7 2 0 2
3 4 0 1
5 5 0 2
10 3 0 4
6 2 0 2
2 5 0 0
10 4 0 4
3 3 0 1
4 4 0 1
10 4 0 4
8 3 0 3
4 2 7 1
10 3 0 4
7 2 0 2
9 3 0 3
10 3 1 4
8 3 4 3
10 3 2 4
9 2 5 3
1 3 0 0
3 2 1 1
2 3 0 0
10 2 0 4
8 3 3 3
5 3 0 2
2 3 2 0
1 4 0 0
2 2 11 0
4 4 6 1
6 3 0 2
3 4 4 1
1 3 1 0
10 2 0 4
2 3 0 0
1 4 3 0
7 3 0 2
4 4 6 1
9 3 0 3
10 2 0 4
3 2 3 1
10 3 0 4
6 3 0 2
5 4 0 2
1 4 0 0
7 4 0 2
2 3 0 0
1 3 2 0
5 2 2 2
2 2 2 0
2 2 6 0
1 4 1 0
8 4 0 3
4 3 0 1
9 2 0 3
6 2 0 2
7 3 0 2
10 2 2 4
1 2 0 0
10 4 0 4
9 2 0 3
2 3 0 0
8 3 0 3
3 3 0 1
5 3 0 2
1 2 0 0
2 2 0 0
6 2 0 2
8 3 0 3
10 3 0 4
1 3 0 0
7 2 0 2
9 3 0 3
8 3 0 3
4 4 0 1
9 4 2 3
5 4 0 2
6 2 0 2
3 2 0 1
2 4 0 0
6 2 6 2
10 3 0 4
7 5 0 2
4 4 3 1
5 3 3 2
1 3 0 0
10 3 0 4
4 2 21 1
8 5 0 3
9 5 0 3
2 3 0 0
10 3 0 4
3 4 0 1
7 3 0 2
8 3 1 3
6 3 2 2
5 4 2 2
1 3 0 0
3 2 13 1
4 5 0 1
9 3 0 3
2 3 0 0
7 3 1 2
10 4 0 4
3 3 1 1
8 4 1 3
10 3 0 4
5 2 3 2
6 2 2 2
4 2 15 1
1 3 0 0
10 2 0 4
9 2 0 3
7 4 0 2
8 2 0 3
10 2 0 4
9 2 9 3
2 3 0 0
9 4 0 3
8 3 0 3
1 3 0 0
10 3 0 4
10 3 1 4
3 3 0 1
8 5 0 3
9 3 5 3
8 2 12 3
10 4 0 4
2 3 0 0
1 2 0 0
8 3 2 3
3 3 2 1
4 4 0 1
2 3 3 0
9 3 3 3
5 3 0 2
10 3 0 4
6 3 0 2
7 5 0 2
9 2 1 3
8 2 3 3
1 5 0 0
10 4 0 4
5 3 0 2
9 4 3 3
6 3 0 2
2 5 0 0
7 2 0 2
4 3 0 1
8 3 0 3
1 2 0 0
2 2 0 0
10 4 0 4
3 2 0 1
10 3 1 4
10 2 2 4
5 3 0 2
4 3 0 1
9 3 0 3
1 2 0 0
6 5 0 2
10 5 0 4
10 2 1 4
8 4 0 3
3 3 0 1
9 3 0 3
2 4 0 0
4 2 0 1
8 2 2 3
10 5 0 4
4 3 9 1
4 3 18 1
7 2 0 2
1 3 0 0
10 3 0 4
3 3 31 1
3 4 1 1
10 3 0 4
4 3 33 1
9 3 0 3
8 2 2 3
5 3 0 2
10 3 0 4
2 5 0 0
3 3 35 1
1 4 0 0
2 2 2 0
4 2 45 1
3 4 1 1
1 4 1 0
9 4 0 3
8 4 0 3
9 3 5 3
2 3 0 0
6 3 0 2
7 4 0 2
3 4 2 1
1 5 0 0
5 2 0 2
2 5 0 0
1 3 0 0
4 5 0 1
2 3 2 0
6 2 0 2
8 3 0 3
4 3 16 1
9 2 0 3
9 2 5 3
8 3 3 3
7 5 0 2
4 2 31 1
10 3 0 4
5 2 0 2
8 2 5 3
10 3 0 4
10 2 0 4
10 5 1 4
1 5 0 0
10 3 3 4
10 3 5 4
10 3 5 4
3 2 27 1
2 4 0 0
10 2 7 4
6 3 0 2
10 3 3 4
9 2 0 3
3 3 0 1
7 3 0 2
8 3 0 3
5 3 0 2
8 3 4 3
3 3 5 1
9 5 1 3
8 2 30 3
1 3 0 0
10 3 0 4
10 3 0 4
6 2 0 2
9 3 0 3
10 4 0 4
8 3 0 3
9 3 3 3
9 2 36 3
8 5 1 3
9 5 5 3
8 4 6 3
7 3 0 2
9 3 9 3
4 2 0 1
3 3 3 1
2 3 0 0
8 2 49 3
5 3 0 2
6 3 0 2
7 2 0 2
1 3 0 0
5 2 3 2
10 2 0 4
4 3 0 1
9 4 4 3
8 4 4 3
6 3 0 2
2 3 0 0
1 3 0 0
7 5 0 2
10 3 0 4
3 2 0 1
2 3 0 0
10 3 0 4
9 3 2 3
10 2 6 4
4 5 0 1
10 4 0 4
5 2 0 2
3 3 5 1
8 3 0 3
10 5 0 4
6 3 0 2
10 3 1 4
1 3 0 0
4 3 3 1
8 3 0 3
4 3 11 1
9 2 25 3
4 3 20 1
8 3 6 3
10 3 0 4
3 3 26 1
10 5 1 4
9 4 3 3
7 5 0 2
10 3 1 4
5 3 0 2
9 3 6 3
3 4 1 1
2 3 0 0
6 4 0 2
8 3 3 3
9 3 7 3
1 2 0 0
10 3 0 4
3 4 2 1
7 5 0 2
4 3 21 1
10 5 0 4
3 2 58 1
4 2 60 1
10 3 0 4
2 2 0 0
1 2 0 0
2 3 2 0
10 3 0 4
8 4 0 3
3 2 59 1
9 4 4 3
8 2 5 3
4 4 1 1
10 3 0 4
5 5 0 2
1 2 0 0
2 4 0 0
1 4 3 0
3 4 0 1
6 4 0 2
9 5 1 3
10 3 0 4
8 3 1 3
9 3 5 3
10 3 1 4
10 3 1 4
3 4 2 1
3 3 12 1
4 3 15 1
2 4 0 0
1 2 0 0
3 3 22 1
10 3 0 4
4 4 2 1
4 3 22 1
7 2 0 2
2 3 0 0
5 2 0 2
8 2 0 3
1 4 0 0
4 2 32 1
2 3 0 0
1 2 0 0
9 2 0 3
6 3 0 2
8 3 0 3
2 3 0 0
7 2 0 2
9 4 0 3
10 4 0 4
5 3 0 2
1 3 0 0
10 3 0 4
8 4 0 3
6 3 0 2
9 4 0 3
2 3 0 0
7 3 0 2
5 4 0 2
6 3 0 2
1 2 0 0
2 4 0 0
8 3 0 3
1 3 1 0
7 3 0 2
9 4 0 3
3 4 0 1
5 2 0 2
6 3 0 2
2 3 0 0
10 3 0 4
1 4 0 0
8 3 0 3
7 3 0 2
5 4 0 2
6 3 0 2
7 4 3 2
10 3 0 4
10 4 1 4
5 3 3 2
6 2 4 2
2 5 0 0
1 2 0 0
7 4 0 2
2 3 0 0
9 3 0 3
5 5 0 2
1 4 0 0
2 3 0 0
1 3 1 0
2 5 0 0
6 3 0 2
8 3 0 3
4 3 0 1
9 4 0 3
8 2 3 3
10 3 0 4
7 2 0 2
9 5 3 3
3 5 0 1
1 5 0 0
4 4 0 1
10 3 0 4
2 3 0 0
8 2 0 3
10 5 0 4
10 4 0 4
1 3 0 0
3 3 0 1
9 3 0 3
4 3 0 1
2 3 0 0
3 2 0 1
8 4 0 3
9 3 0 3
4 4 0 1
3 3 2 1
8 2 1 3
9 3 0 3
1 2 0 0
2 3 0 0
2 2 4 0
5 3 0 2
8 2 0 3
10 2 0 4
1 3 0 0
9 3 0 3
1 4 0 0
4 3 0 1
8 3 0 3
9 3 0 3
6 3 0 2
10 3 0 4
3 5 0 1
10 3 0 4
2 3 0 0
7 4 0 2
8 3 0 3
10 3 0 4
9 5 0 3
8 2 1 3
4 3 0 1
9 4 4 3
5 4 0 2
8 3 0 3
1 4 0 0
2 4 0 0
10 4 0 4
3 3 0 1
1 2 0 0
10 4 0 4
6 3 0 2
2 3 0 0
7 3 0 2
4 3 0 1
5 3 0 2
6 3 0 2
7 4 0 2
1 3 0 0
3 5 0 1
10 3 0 4
9 3 0 3
10 3 0 4
5 2 0 2
8 3 0 3
4 5 0 1
6 3 0 2
3 3 0 1
2 3 0 0
7 4 0 2
4 2 0 1
1 2 0 0
9 5 0 3
10 2 0 4
8 4 0 3
3 5 0 1
2 2 0 0
9 3 0 3
4 3 0 1
8 3 7 3
8 4 0 3
3 3 3 1
9 5 1 3
10 2 0 4
9 2 6 3
1 2 0 0
5 4 0 2
8 2 2 3
4 3 0 1
3 3 0 1
10 3 0 4
9 3 0 3
2 3 0 0
4 4 4 1
8 4 0 3
9 3 3 3
3 5 0 1
6 2 0 2
10 2 0 4
7 3 0 2
5 3 0 2
1 3 0 0
4 2 0 1
8 3 0 3
3 3 0 1
6 2 0 2
2 4 0 0
4 3 0 1
3 2 2 1
1 3 0 0
2 3 0 0
7 4 0 2
10 3 0 4
1 3 0 0
10 2 0 4
4 3 0 1
10 3 0 4
2 4 0 0
3 3 0 1
9 3 0 3
4 2 0 1
3 2 1 1
4 2 2 1
1 3 0 0
3 3 4 1
8 2 0 3
9 4 0 3
4 3 3 1
10 3 0 4
10 3 0 4
10 3 0 4
3 3 1 1
8 3 0 3
10 2 0 4
5 3 0 2
10 5 0 4
4 4 0 1
3 3 0 1
10 4 0 4
4 5 2 1
10 3 0 4
6 4 0 2
8 2 0 3
9 3 0 3
2 3 0 0
7 3 0 2
9 3 2 3
10 5 0 4
3 3 0 1
8 2 0 3
10 4 0 4
9 4 0 3
5 2 0 2
10 2 0 4
10 3 0 4
1 3 0 0
2 3 0 0
6 3 0 2
2 2 0 0
1 4 0 0
10 3 0 4
1 3 4 0
7 3 0 2
4 5 0 1
10 3 0 4
10 3 1 4
10 3 1 4
10 3 2 4
5 2 0 2
3 4 0 1
4 3 0 1
6 2 0 2
7 3 0 2
3 5 6 1
10 4 0 4
8 4 0 3
10 2 1 4
2 4 0 0
5 4 0 2
9 2 0 3
8 3 1 3
10 3 0 4
10 3 0 4
4 3 0 1
1 4 0 0
2 2 0 0
1 3 1 0
9 3 0 3
10 3 0 4
8 3 0 3
6 3 0 2
10 3 0 4
10 3 1 4
2 2 0 0
9 4 0 3
8 3 2 3
10 2 0 4
8 2 4 3
9 5 1 3
10 3 6 4
10 4 0 4
10 4 3 4
10 5 0 4
9 3 0 3
10 3 1 4
7 2 0 2
10 2 0 4
8 5 0 3
3 3 0 1
1 2 0 0
4 2 10 1
5 4 0 2
4 3 0 1
3 5 2 1
6 5 0 2
7 2 0 2
10 5 0 4
5 2 0 2
3 3 1 1
10 5 0 4
10 3 0 4
4 3 0 1
6 3 0 2
7 3 0 2
9 3 0 3
5 3 0 2
8 3 0 3
10 2 0 4
2 2 0 0
3 3 0 1
10 3 0 4
1 3 0 0
6 3 0 2
2 3 0 0
10 3 0 4
7 3 0 2
4 2 0 1
5 4 0 2
3 3 0 1
9 3 0 3
4 2 0 1
6 3 0 2
8 3 0 3
1 3 0 0
9 3 0 3
10 3 0 4
7 4 0 2
3 4 0 1
10 3 0 4
4 3 0 1
2 5 0 0
10 3 0 4
8 3 0 3
10 3 0 4
3 2 0 1
5 3 0 2
4 2 0 1
6 3 0 2
7 3 0 2
9 3 0 3
3 3 0 1
10 3 0 4
5 3 0 2
1 3 0 0
4 2 0 1
2 3 0 0
8 4 0 3
